W: 4.471301066686017
E: 5.53018939875429
K: 4.659987476518472
a: 3.0712166172106823
s: 4.339266369764083
p: 6.108971062596419
b: 4.252546094225326
M: 5.451585352834419
i: 2.7480451279683757
h: 3.883610494523489
w: 4.350099946966916
Y: 3.448119498532942
v: 5.734653024911032
r: 5.8439986163957105
J: 4.97845507094062
z: 4.672727272727273
