T: 3.965374320006908
O: 2.8934336691346036
F: 5.265583343912657
q: 6.034207525655645
Q: 5.536977491961415
Z: 6.0
X: 3.2211538461538463
