S: 5.307761868877167
D: 5.221781152916811
P: 6.502230031085282
B: 5.143532818532819
R: 5.930306748466258
G: 5.810282153366799
y: 3.5301620582710873
