A: 3.901754225255347
l: 4.280937316068275
m: 3.728475485549483
H: 4.428398058252427
V: 5.2165160230073955
c: 6.06068652351266
u: 4.511729670596815
N: 3.991723259762309
U: 5.421190893169878
j: 5.341365461847389
