C: 6.634214463840399
o: 2.7891238670694865
L: 5.116772823779193
f: 4.784952757916241
t: 3.7265960492413397
g: 4.940715543947033
d: 4.163519460657324
n: 3.708169228814636
I: 1.4687346778674861
e: 5.206521739130435
k: 4.6065459610027855
